tns -4491.93945 -2385.00000 0
n_26
0.0 0.0 30 -4491.93896 0.0 1.0 0.0 0.0 0.0
n_36
0.0 0.0 30 -4491.93896 0.0 1.0 0.0 0.0 0.0
n_44
0.0 0.0 30 -4491.93896 0.0 1.0 0.0 0.0 0.0
n_107
0.0 0.0 16 -2475.70605 0.0 1.0 0.0 0.0 0.0
n_108
0.0 0.0 16 -2475.70605 0.0 1.0 0.0 0.0 0.0
n_141
0.0 0.0 16 -2475.70605 0.0 1.0 0.0 0.0 0.0
n_142
0.0 0.0 16 -2475.70605 0.0 1.0 0.0 0.0 0.0
n_150
0.0 0.0 16 -2475.70605 0.0 1.0 0.0 0.0 0.0
n_171
0.0 0.0 16 -2475.70605 0.0 1.0 0.0 0.0 0.0
n_37
0.0 0.0 16 -2475.70605 0.0 1.0 0.0 0.0 0.0
rx_reg[14]
0.0 0.0 15 -2384.72119 0.0 1.0 0.0 0.0 0.0
n_6
0.0 0.0 15 -2107.21802 0.0 1.0 0.0 0.0 0.0
n_125
0.0 0.0 14 -2016.23328 0.0 1.0 0.0 0.0 0.0
n_134
0.0 0.0 14 -2016.23328 0.0 1.0 0.0 0.0 0.0
n_148
0.0 0.0 14 -2016.23328 0.0 1.0 0.0 0.0 0.0
n_163
0.0 0.0 14 -2016.23328 0.0 1.0 0.0 0.0 0.0
n_261
0.0 0.0 14 -2016.23328 0.0 1.0 0.0 0.0 0.0
n_50
0.0 0.0 14 -2016.23328 0.0 1.0 0.0 0.0 0.0
n_87
0.0 0.0 14 -2016.23328 0.0 1.0 0.0 0.0 0.0
n_178
0.0 0.0 8 -1376.45337 0.0 1.0 0.0 0.0 0.0
n_191
0.0 0.0 8 -1376.45337 0.0 1.0 0.0 0.0 0.0
n_202
0.0 0.0 8 -1376.45337 0.0 1.0 0.0 0.0 0.0
n_206
0.0 0.0 8 -1376.45337 0.0 1.0 0.0 0.0 0.0
n_180
0.0 0.0 8 -1099.25269 0.0 1.0 0.0 0.0 0.0
n_188
0.0 0.0 8 -1099.25269 0.0 1.0 0.0 0.0 0.0
n_208
0.0 0.0 8 -1099.25269 0.0 1.0 0.0 0.0 0.0
n_211
0.0 0.0 8 -1099.25269 0.0 1.0 0.0 0.0 0.0
n_197
0.0 0.0 6 -1017.48181 0.0 1.0 0.0 0.0 0.0
n_198
0.0 0.0 6 -1017.48181 0.0 1.0 0.0 0.0 0.0
n_226
0.0 0.0 6 -1017.48181 0.0 1.0 0.0 0.0 0.0
n_193
0.0 0.0 8 -998.75165 0.0 1.0 0.0 0.0 0.0
n_194
0.0 0.0 8 -998.75165 0.0 1.0 0.0 0.0 0.0
n_220
0.0 0.0 8 -998.75165 0.0 1.0 0.0 0.0 0.0
n_221
0.0 0.0 8 -998.75165 0.0 1.0 0.0 0.0 0.0
n_207
0.0 0.0 2 -784.13965 0.0 1.0 0.0 0.0 0.0
n_231
0.0 0.0 2 -784.13965 0.0 1.0 0.0 0.0 0.0
n_227
0.0 0.0 2 -555.01367 0.0 1.0 0.0 0.0 0.0
n_237
0.0 0.0 2 -555.01367 0.0 1.0 0.0 0.0 0.0
n_213
0.0 0.0 2 -539.65234 0.0 1.0 0.0 0.0 0.0
n_235
0.0 0.0 2 -539.65234 0.0 1.0 0.0 0.0 0.0
n_222
0.0 0.0 2 -460.95181 0.0 1.0 0.0 0.0 0.0
n_240
0.0 0.0 2 -460.95181 0.0 1.0 0.0 0.0 0.0
n_203
0.0 0.0 2 -435.04333 0.0 1.0 0.0 0.0 0.0
n_230
0.0 0.0 2 -435.04333 0.0 1.0 0.0 0.0 0.0
n_209
0.0 0.0 2 -406.77786 0.0 1.0 0.0 0.0 0.0
n_229
0.0 0.0 2 -406.77786 0.0 1.0 0.0 0.0 0.0
n_225
0.0 0.0 2 -399.19281 0.0 1.0 0.0 0.0 0.0
n_228
0.0 0.0 2 -399.19281 0.0 1.0 0.0 0.0 0.0
n_239
0.0 0.0 2 -399.19281 0.0 1.0 0.0 0.0 0.0
n_223
0.0 0.0 2 -392.55905 0.0 1.0 0.0 0.0 0.0
n_232
0.0 0.0 2 -392.55905 0.0 1.0 0.0 0.0 0.0
n_212
0.0 0.0 2 -97.91327 0.0 1.0 0.0 0.0 0.0
n_219
0.0 0.0 2 -95.55244 0.0 1.0 0.0 0.0 0.0
n_210
0.0 0.0 2 -93.84632 0.0 1.0 0.0 0.0 0.0
n_204
0.0 0.0 2 -63.42411 0.0 1.0 0.0 0.0 0.0
n_218
0.0 0.0 2 -63.27534 0.0 1.0 0.0 0.0 0.0
n_205
0.0 0.0 2 -54.90923 0.0 1.0 0.0 0.0 0.0
n_216
0.0 0.0 2 -49.68834 0.0 1.0 0.0 0.0 0.0
