#NR Timing file version 1.0
#Format:
#Pico seconds per unit
#TNS
#Net Id
#Net Name
#Slack Slew Delta_Slew Delay Delta_Delay Cap_Ratio Transition_Slack Critial_Path_Count Path_TNS Is_End_Point Critical_Level
0.100000
tns -44919
11
n_26
-4013 2368 0 12 0 0.000000 0 30 -44919 0 3
10
n_36
-4013 2542 0 16 0 0.000000 0 30 -44919 0 2
19
n_44
-4013 2365 0 12 0 0.000000 0 30 -44919 0 1
161
n_50
-3269 2877 0 2 0 0.000000 0 14 -20162 0 1
95
n_37
-4013 3136 0 0 0 0.000000 0 16 -24757 0 1
59
n_141
-4013 2027 0 2 0 0.000000 0 16 -24757 0 1
296
n_108
-4013 1639 0 0 0 0.000000 0 16 -24757 0 1
25
n_142
-4013 1798 0 8 0 0.000000 0 16 -24757 0 1
83
n_107
-4013 5255 0 3 0 0.000000 0 16 -24757 0 1
42
n_150
-4013 4541 0 0 0 0.000000 0 16 -24757 0 1
58
n_202
-4013 2044 0 1 0 0.000000 0 8 -13764 0 1
285
n_191
-4013 1673 0 0 0 0.000000 0 8 -13764 0 1
29
n_206
-4013 1375 0 4 0 0.000000 0 8 -13764 0 1
171
n_125
-2868 1326 0 0 0 0.000000 0 14 -20162 0 1
265
n_87
-2868 1692 0 0 0 0.000000 0 14 -20162 0 1
18
n_134
-2868 1889 0 4 0 0.000000 0 14 -20162 0 1
87
n_261
-2868 6975 0 7 0 0.000000 0 14 -20162 0 1
60
rx_reg[14]
-4013 2106 0 2 0 0.000000 0 15 -23847 0 1
123
n_178
-4013 5139 0 3 0 0.000000 0 8 -13764 0 1
168
n_171
-4013 2220 0 0 0 0.000000 0 16 -24757 0 1
128
n_6
-3828 1325 0 1 0 0.000000 0 15 -21072 0 1
57
n_148
-2868 1244 0 0 0 0.000000 0 14 -20162 0 1
54
n_208
-2791 2078 0 3 0 0.000000 0 8 -10992 0 1
256
n_188
-2791 1672 0 0 0 0.000000 0 8 -10992 0 1
33
n_211
-2791 1290 0 2 0 0.000000 0 8 -10992 0 1
55
n_220
-2397 1796 0 2 0 0.000000 0 8 -9987 0 1
267
n_207
-4013 1656 0 0 0 0.000000 0 2 -7841 0 1
243
n_231
-4013 4244 0 0 0 0.000000 0 2 -7841 1 1
26
n_221
-2397 1619 0 4 0 0.000000 0 8 -9987 0 1
294
n_194
-2397 1645 0 0 0 0.000000 0 8 -9987 0 1
84
n_180
-2791 5161 0 4 0 0.000000 0 8 -10992 0 1
13
n_226
-2868 2241 0 9 0 0.000000 0 6 -10174 0 1
277
n_198
-2868 2404 0 0 0 0.000000 0 6 -10174 0 1
157
n_163
-2868 913 0 0 0 0.000000 0 14 -20162 0 1
90
n_193
-2397 3568 0 4 0 0.000000 0 8 -9987 0 1
74
n_197
-2868 3353 0 3 0 0.000000 0 6 -10174 0 1
208
n_235
-2791 2938 0 3 0 0.000000 0 2 -5396 0 1
226
n_213
-2791 1649 0 0 0 0.000000 0 2 -5396 0 1
244
n_227
-2868 2447 0 3 0 0.000000 0 2 -5550 0 1
215
n_237
-2868 2842 0 3 0 0.000000 0 2 -5550 0 1
263
n_203
-2268 2501 0 2 0 0.000000 0 2 -4350 0 1
259
n_230
-2268 1527 0 0 0 0.000000 0 2 -4350 0 1
220
n_229
-2126 2360 0 2 0 0.000000 0 2 -4067 0 1
251
n_209
-2126 1637 0 0 0 0.000000 0 2 -4067 0 1
194
n_222
-2397 2116 0 2 0 0.000000 0 2 -4609 0 1
185
n_240
-2397 2667 0 2 0 0.000000 0 2 -4609 0 1
166
n_225
-2594 908 0 2 0 0.000000 0 2 -3991 0 1
205
n_228
-2088 2540 0 3 0 0.000000 0 2 -3991 0 1
258
n_239
-2088 1912 0 0 0 0.000000 0 2 -3991 0 1
225
n_223
-2055 2540 0 2 0 0.000000 0 2 -3925 0 1
184
n_232
-2055 1981 0 2 0 0.000000 0 2 -3925 0 1
211
n_210
-562 1079 0 2 0 0.000000 0 2 -938 0 1
210
n_204
-410 1208 0 1 0 0.000000 0 2 -634 0 1
200
n_212
-582 1183 0 0 0 0.000000 0 2 -979 0 1
199
n_205
-367 1228 0 1 0 0.000000 0 2 -549 0 1
188
n_219
-570 1436 0 3 0 0.000000 0 2 -955 0 1
250
n_218
-409 1203 0 2 0 0.000000 0 2 -632 0 1
201
n_216
-341 1106 0 2 0 0.000000 0 2 -496 0 1
